1730094900152 1.3765501976013184 0
1730094905225 1.3766518831253052 100
1730094909812 1.3763632774353027 200
1730094914225 1.3764309883117676 300
1730094918776 1.3765201568603516 400
1730094924173 1.376354455947876 500
1730094929884 1.3765050172805786 600
1730094934612 1.376357078552246 700
1730094939019 1.3763951063156128 800
1730094943548 1.3763461112976074 900
1730094947870 1.3764081001281738 1000
1730094952335 1.3763750791549683 1100
1730094956737 1.3764081001281738 1200
1730094961320 1.376405954360962 1300
1730094965513 1.376358151435852 1400
1730094970116 1.3763267993927002 1500
1730094974966 1.3763625621795654 1600
1730094979621 1.3763256072998047 1700
1730094985791 1.3763424158096313 1800
1730094991519 1.376343011856079 1900
1730094996133 1.376347303390503 2000
1730095000354 1.3763909339904785 2100
1730095004661 1.3763043880462646 2200
1730095009205 1.3764140605926514 2300
1730095013868 1.3763703107833862 2400
1730095018547 1.376326322555542 2500
1730095023190 1.3763315677642822 2600
1730095027740 1.3763155937194824 2700
1730095032366 1.3763554096221924 2800
1730095036706 1.3763337135314941 2900
1730095041558 1.3763256072998047 3000
1730095046541 1.3763225078582764 3100
1730095051078 1.3763353824615479 3200
1730095055565 1.3763060569763184 3300
1730095059946 1.3763071298599243 3400
1730095064395 1.3763580322265625 3500
1730095069025 1.3764171600341797 3600
1730095073635 1.3762915134429932 3700
1730095078235 1.3763117790222168 3800
1730095082789 1.3762991428375244 3900
1730095087144 1.3762952089309692 4000
1730095091819 1.3763031959533691 4100
1730095096512 1.3762964010238647 4200
1730095101127 1.3762987852096558 4300
1730095105803 1.3763154745101929 4400
1730095110495 1.3763620853424072 4500
1730095114832 1.3763666152954102 4600
1730095119586 1.376296043395996 4700
1730095124551 1.376292109489441 4800
1730095129112 1.3763177394866943 4900
1730095133801 1.3762943744659424 5000
1730095138309 1.3762907981872559 5100
1730095142936 1.3762917518615723 5200
1730095147516 1.3762972354888916 5300
1730095152333 1.3762916326522827 5400
1730095156948 1.376291036605835 5500
1730095161584 1.376286268234253 5600
1730095166271 1.3762822151184082 5700
1730095170882 1.3763089179992676 5800
1730095175538 1.3762938976287842 5900
1730095179912 1.3762874603271484 6000
1730095200873 1.3762949705123901 6100
1730095206404 1.3762891292572021 6200
1730095212153 1.376284122467041 6300
1730095218270 1.3763082027435303 6400
1730095224983 1.3762848377227783 6500
