1730094900163 0.7984938621520996 0
1730094905241 0.7985380291938782 100
1730094909817 0.7984657287597656 200
1730094914234 0.7984980344772339 300
1730094918787 0.7985205054283142 400
1730094924179 0.7984853386878967 500
1730094929892 0.7985286712646484 600
1730094934626 0.7985016703605652 700
1730094939026 0.7985086441040039 800
1730094943548 0.7984864711761475 900
1730094947883 0.7984756231307983 1000
1730094952351 0.798511266708374 1100
1730094956740 0.7984826564788818 1200
1730094961325 0.7985383868217468 1300
1730094965519 0.7985247373580933 1400
1730094970132 0.7985134124755859 1500
1730094974973 0.7985090017318726 1600
1730094979637 0.7984995245933533 1700
1730094985799 0.7985015511512756 1800
1730094991530 0.7985438108444214 1900
1730094996142 0.7985263466835022 2000
1730095000372 0.7985096573829651 2100
1730095004669 0.7984917163848877 2200
1730095009212 0.7984907031059265 2300
1730095013872 0.7984834909439087 2400
1730095018558 0.7985264658927917 2500
1730095023192 0.7985299229621887 2600
1730095027750 0.7985146641731262 2700
1730095032366 0.7985173463821411 2800
1730095036712 0.7985579371452332 2900
1730095041569 0.7984886765480042 3000
1730095046551 0.7985175848007202 3100
1730095051078 0.7985025644302368 3200
1730095055565 0.7985068559646606 3300
1730095059949 0.7985103130340576 3400
1730095064406 0.7985243797302246 3500
1730095069035 0.7984752655029297 3600
1730095073643 0.7985026240348816 3700
1730095078235 0.7985142469406128 3800
1730095082807 0.7985206842422485 3900
1730095087155 0.7985206842422485 4000
1730095091828 0.7985509634017944 4100
1730095096524 0.7985163331031799 4200
1730095101136 0.7985044717788696 4300
1730095105809 0.7985540628433228 4400
1730095110497 0.7984980344772339 4500
1730095114850 0.7985308766365051 4600
1730095119602 0.798524022102356 4700
1730095124555 0.7985310554504395 4800
1730095129123 0.7985411882400513 4900
1730095133812 0.7985183000564575 5000
1730095138323 0.7984973788261414 5100
1730095142944 0.7985120415687561 5200
1730095147519 0.7985149025917053 5300
1730095152344 0.7985085844993591 5400
1730095156955 0.7985212802886963 5500
1730095161593 0.798515796661377 5600
1730095166281 0.798505425453186 5700
1730095170890 0.7985328435897827 5800
1730095175550 0.7984987497329712 5900
1730095179921 0.7985005378723145 6000
1730095200884 0.7985044717788696 6100
1730095206416 0.7985185384750366 6200
1730095212162 0.7984921336174011 6300
1730095218283 0.7985089421272278 6400
1730095224992 0.7985063791275024 6500
