1730095427619 1.4601070880889893 0
1730095433333 1.3785370588302612 100
1730095439410 1.3782826662063599 200
1730095444786 1.3780301809310913 300
1730095450275 1.3770796060562134 400
1730095455613 1.3773021697998047 500
1730095460789 1.3773503303527832 600
1730095466083 1.3774771690368652 700
1730095471263 1.376786470413208 800
1730095476211 1.3766851425170898 900
1730095479588 1.3768806457519531 1000
1730095482920 1.3764452934265137 1100
1730095486642 1.3764488697052002 1200
1730095490242 1.3767008781433105 1300
1730095493795 1.376570463180542 1400
1730095497842 1.3764766454696655 1500
1730095503167 1.3764851093292236 1600
1730095507551 1.3764704465866089 1700
1730095511187 1.3764399290084839 1800
1730095515377 1.3764290809631348 1900
1730095519589 1.3764468431472778 2000
1730095523822 1.3764272928237915 2100
1730095527957 1.376354455947876 2200
