1730095427627 1.0253262519836426 0
1730095433338 0.7921314239501953 100
1730095439418 0.7989845871925354 200
1730095444794 0.798995316028595 300
1730095450275 0.7989160418510437 400
1730095455613 0.7986331582069397 500
1730095460800 0.7985777258872986 600
1730095466093 0.7985751628875732 700
1730095471266 0.7985490560531616 800
1730095476221 0.7985469102859497 900
1730095479588 0.7987982630729675 1000
1730095482920 0.7985242009162903 1100
1730095486652 0.798557460308075 1200
1730095490250 0.7985689043998718 1300
1730095493807 0.798562228679657 1400
1730095497842 0.7984958291053772 1500
1730095503167 0.7985344529151917 1600
1730095507551 0.7985085844993591 1700
1730095511207 0.7985366582870483 1800
1730095515384 0.7986328601837158 1900
1730095519591 0.7985187768936157 2000
1730095523822 0.7985512614250183 2100
1730095527963 0.7984811663627625 2200
