1730095803506 1.376359224319458 0
1730095810600 1.3763327598571777 100
1730095816578 1.3763080835342407 200
1730095822650 1.3763275146484375 300
1730095828869 1.3763275146484375 400
1730095836083 1.3763017654418945 500
1730095841991 1.3763295412063599 600
1730095847955 1.376341700553894 700
1730095853891 1.3763155937194824 800
1730095860022 1.3762871026992798 900
1730095867430 1.3763278722763062 1000
1730095873381 1.3763179779052734 1100
1730095879315 1.3763117790222168 1200
1730095885252 1.3763117790222168 1300
1730095891381 1.376320481300354 1400
1730095897328 1.3763020038604736 1500
1730095903336 1.376303791999817 1600
1730095909288 1.3762966394424438 1700
1730095915347 1.376305103302002 1800
1730095921393 1.3763238191604614 1900
1730095927395 1.376307725906372 2000
1730095933366 1.376291275024414 2100
1730095939514 1.3762989044189453 2200
1730095945469 1.3763022422790527 2300
1730095951538 1.3763079643249512 2400
1730095957575 1.3762974739074707 2500
1730095963844 1.376310110092163 2600
1730095970049 1.3763115406036377 2700
1730095976071 1.3763008117675781 2800
1730095982366 1.3763039112091064 2900
1730095988384 1.376296043395996 3000
1730095994512 1.376295566558838 3100
1730096000803 1.3763079643249512 3200
1730096006877 1.376298189163208 3300
1730096012968 1.376299262046814 3400
1730096018978 1.3763145208358765 3500
1730096025048 1.3763072490692139 3600
1730096031062 1.3762948513031006 3700
1730096037124 1.3763039112091064 3800
1730096043231 1.3762933015823364 3900
1730096049361 1.3763036727905273 4000
1730096056016 1.376302719116211 4100
1730096062188 1.3762928247451782 4200
1730096068420 1.3762969970703125 4300
1730096075793 1.3762991428375244 4400
1730096082299 1.3763000965118408 4500
1730096088998 1.3762965202331543 4600
1730096095917 1.3763023614883423 4700
1730096102264 1.3762876987457275 4800
1730096108415 1.3762952089309692 4900
1730096115201 1.376298427581787 5000
1730096121407 1.3763060569763184 5100
1730096127560 1.3762882947921753 5200
1730096133822 1.3763024806976318 5300
1730096140065 1.37630033493042 5400
1730096146218 1.3762869834899902 5500
1730096152372 1.376289963722229 5600
1730096158502 1.3762943744659424 5700
1730096166344 1.376291275024414 5800
