1730095803508 0.798530638217926 0
1730095810609 0.7985216379165649 100
1730095816589 0.7985209822654724 200
1730095822660 0.79853355884552 300
1730095828880 0.7985270023345947 400
1730095836090 0.7985271215438843 500
1730095842001 0.7985211610794067 600
1730095847963 0.7985204458236694 700
1730095853899 0.7985238432884216 800
1730095860032 0.7985242009162903 900
1730095867436 0.7985225915908813 1000
1730095873391 0.798527181148529 1100
1730095879325 0.798522412776947 1200
1730095885262 0.79852294921875 1300
1730095891389 0.7985270023345947 1400
1730095897330 0.7985237836837769 1500
1730095903345 0.7985266447067261 1600
1730095909298 0.7985126376152039 1700
1730095915357 0.7985225319862366 1800
1730095921403 0.7985238432884216 1900
1730095927406 0.7985218167304993 2000
1730095933376 0.7985118627548218 2100
1730095939524 0.7985177040100098 2200
1730095945479 0.798525869846344 2300
1730095951546 0.7985193133354187 2400
1730095957586 0.7985140681266785 2500
1730095963853 0.7985193729400635 2600
1730095970059 0.7985141277313232 2700
1730095976081 0.798516035079956 2800
1730095982368 0.7985167503356934 2900
1730095988395 0.7985191345214844 3000
1730095994522 0.7985194325447083 3100
1730096000813 0.7985172271728516 3200
1730096006878 0.7985178828239441 3300
1730096012978 0.7985190153121948 3400
1730096018988 0.7985117435455322 3500
1730096025058 0.7985155582427979 3600
1730096031064 0.7985097169876099 3700
1730096037134 0.7985202670097351 3800
1730096043241 0.7985155582427979 3900
1730096049371 0.7985187768936157 4000
1730096056026 0.7985135316848755 4100
1730096062196 0.7985154390335083 4200
1730096068430 0.798516571521759 4300
1730096075803 0.7985197901725769 4400
1730096082309 0.7985106110572815 4500
1730096089008 0.7985141277313232 4600
1730096095927 0.7985149621963501 4700
1730096102266 0.7985097765922546 4800
1730096108425 0.7985111474990845 4900
1730096115211 0.7985170483589172 5000
1730096121417 0.7985149025917053 5100
1730096127568 0.7985122203826904 5200
1730096133824 0.7985178232192993 5300
1730096140075 0.7985169887542725 5400
1730096146229 0.7985162138938904 5500
1730096152382 0.7985169887542725 5600
1730096158512 0.7985179424285889 5700
1730096166354 0.798513650894165 5800
