1730094656722 1.4626226425170898 0
1730094661971 1.3789609670639038 100
1730094666528 1.3773586750030518 200
1730094670855 1.377272129058838 300
1730094674952 1.377790927886963 400
1730094679160 1.3768055438995361 500
1730094683106 1.3773865699768066 600
1730094687232 1.3769891262054443 700
1730094691734 1.3768343925476074 800
1730094695912 1.3767175674438477 900
1730094700403 1.376718521118164 1000
1730094708351 1.3766894340515137 1100
1730094713680 1.3764238357543945 1200
1730094718445 1.3765984773635864 1300
1730094722665 1.3764772415161133 1400
1730094727229 1.376704454421997 1500
