1730094656734 0.9562586545944214 0
1730094661979 0.7876375913619995 100
1730094666538 0.7984840273857117 200
1730094670862 0.7989041209220886 300
1730094674957 0.7988346219062805 400
1730094679164 0.7985508441925049 500
1730094683112 0.7986972332000732 600
1730094687232 0.798482358455658 700
1730094691743 0.7985802292823792 800
1730094695921 0.7985333800315857 900
1730094700410 0.7984504103660583 1000
1730094708359 0.7986622452735901 1100
1730094713684 0.7984609603881836 1200
1730094718451 0.7985485792160034 1300
1730094722683 0.7984611988067627 1400
1730094727235 0.7985174655914307 1500
